3.600000
1.800000
3.333000
2.283000
4.533000
2.883000
4.700000
3.600000
1.950000
4.350000
1.833000
3.917000
4.200000
1.750000
4.700000
2.167000
1.750000
4.800000
1.600000
4.250000
1.800000
1.750000
3.450000
3.067000
4.533000
3.600000
1.967000
4.083000
3.850000
4.433000
4.300000
4.467000
3.367000
4.033000
3.833000
2.017000
1.867000
4.833000
1.833000
4.783000
4.350000
1.883000
4.567000
1.750000
4.533000
3.317000
3.833000
2.100000
4.633000
2.000000
4.800000
4.716000
1.833000
4.833000
1.733000
4.883000
3.717000
1.667000
4.567000
4.317000
2.233000
4.500000
1.750000
4.800000
1.817000
4.400000
4.167000
4.700000
2.067000
4.700000
4.033000
1.967000
4.500000
4.000000
1.983000
5.067000
2.017000
4.567000
3.883000
3.600000
4.133000
4.333000
4.100000
2.633000
4.067000
4.933000
3.950000
4.517000
2.167000
4.000000
2.200000
4.333000
1.867000
4.817000
1.833000
4.300000
4.667000
3.750000
1.867000
4.900000
2.483000
4.367000
2.100000
4.500000
4.050000
1.867000
4.700000
1.783000
4.850000
3.683000
4.733000
2.300000
4.900000
4.417000
1.700000
4.633000
2.317000
4.600000
1.817000
4.417000
2.617000
4.067000
4.250000
1.967000
4.600000
3.767000
1.917000
4.500000
2.267000
4.650000
1.867000
4.167000
2.800000
4.333000
1.833000
4.383000
1.883000
4.933000
2.033000
3.733000
4.233000
2.233000
4.533000
4.817000
4.333000
1.983000
4.633000
2.017000
5.100000
1.800000
5.033000
4.000000
2.400000
4.600000
3.567000
4.000000
4.500000
4.083000
1.800000
3.967000
2.200000
4.150000
2.000000
3.833000
3.500000
4.583000
2.367000
5.000000
1.933000
4.617000
1.917000
2.083000
4.583000
3.333000
4.167000
4.333000
4.500000
2.417000
4.000000
4.167000
1.883000
4.583000
4.250000
3.767000
2.033000
4.433000
4.083000
1.833000
4.417000
2.183000
4.800000
1.833000
4.800000
4.100000
3.966000
4.233000
3.500000
4.366000
2.250000
4.667000
2.100000
4.350000
4.133000
1.867000
4.600000
1.783000
4.367000
3.850000
1.933000
4.500000
2.383000
4.700000
1.867000
3.833000
3.417000
4.233000
2.400000
4.800000
2.000000
4.150000
1.867000
4.267000
1.750000
4.483000
4.000000
4.117000
4.083000
4.267000
3.917000
4.550000
4.083000
2.417000
4.183000
2.217000
4.450000
1.883000
1.850000
4.283000
3.950000
2.333000
4.150000
2.350000
4.933000
2.900000
4.583000
3.833000
2.083000
4.367000
2.133000
4.350000
2.200000
4.450000
3.567000
4.500000
4.150000
3.817000
3.917000
4.450000
2.000000
4.283000
4.767000
4.533000
1.850000
4.250000
1.983000
2.250000
4.750000
4.117000
2.150000
4.417000
1.817000
4.467000
